SetDesc: 'CT18LO, 1-loop PDF evolution with HOPPET and HOPPET alphas_s running solution. This set has 1 member PDFs. mem=0'
Authors: Mengshi Yan, Tie-Jiun Hou, Pavel Nadolsky, C.-P. Yuan
Reference: 'Phys.Rev.D 107 (2023) 11, 116001, arXiv: 2205.00137 [hep-ph]'
Format: lhagrid1
DataVersion:     1
NumMembers:      1
SetIndex: 00000
Flavors: [-5, -4, -3, -2, -1, 1, 2, 3, 4, 5, 21]
OrderQCD:        0
FlavorScheme: variable
NumFlavors: 5
XMin:   1.000000e-09
XMax:   1.000000E+00
QMin:   1.295000E+00
QMax:   1.000000E+05
MZ:  91.1870
MUp:   0.0010
MDown:   0.0010
MStrange:   0.2000
MCharm:   1.3000
MBottom:   4.7500
MTop: 172.0000
AlphaS_MZ:  0.135000
AlphaS_OrderQCD:     0
AlphaS_Type: ipol
AlphaS_Qs: [ 1.295000E+00, 1.296247E+00, 1.297497E+00, 1.298747E+00, 1.300000E+00, 1.432626E+00, 1.584601E+00, 1.759405E+00, 1.961248E+00, 2.195260E+00, 2.467705E+00, 2.786280E+00, 3.160484E+00, 3.602095E+00, 4.125798E+00, 4.750000E+00, 5.505036E+00, 6.416152E+00, 7.521954E+00, 8.872077E+00, 1.053075E+01, 1.258165E+01, 1.513452E+01, 1.833434E+01, 2.237406E+01, 2.751241E+01, 3.409912E+01, 4.261077E+01, 5.370236E+01, 6.828204E+01, 8.762045E+01, 1.135122E+02, 1.485169E+02, 1.963222E+02, 2.622974E+02, 3.543449E+02, 4.842279E+02, 6.696621E+02, 9.376523E+02, 1.329884E+03, 1.911546E+03, 2.785971E+03, 4.119261E+03, 6.182323E+03, 9.423706E+03, 1.459778E+04, 2.299400E+04, 3.685377E+04, 6.014194E+04, 1.000000E+05]
AlphaS_Vals: [ 4.812566E-01, 4.809374E-01, 4.806185E-01, 4.802999E-01, 4.799816E-01, 4.520273E-01, 4.262616E-01, 4.024527E-01, 3.804007E-01, 3.599317E-01, 3.408937E-01, 3.231537E-01, 3.065944E-01, 2.911119E-01, 2.766144E-01, 2.630198E-01, 2.511303E-01, 2.398729E-01, 2.292057E-01, 2.190904E-01, 2.094919E-01, 2.003777E-01, 1.917181E-01, 1.834856E-01, 1.756546E-01, 1.682016E-01, 1.611048E-01, 1.543438E-01, 1.478998E-01, 1.417553E-01, 1.358939E-01, 1.303002E-01, 1.249600E-01, 1.198601E-01, 1.149878E-01, 1.103314E-01, 1.058801E-01, 1.016234E-01, 9.755170E-02, 9.365584E-02, 8.992725E-02, 8.635783E-02, 8.293997E-02, 7.966645E-02, 7.653050E-02, 7.352568E-02, 7.064592E-02, 6.788547E-02, 6.523890E-02, 6.270104E-02]
